$ANSIBLE_VAULT;1.1;AES256
33643939336666313731636462653765313235326637333865636233356465393733613362653136
6464663164643436373264666466643730323166326261310a373437383362656630646461326666
62666362613761363938373730663936663462396432373164666431363937303732623635366161
3562666231653537390a376464653330393862613236353762323833353136636639303363393637
32313630336433303939366165313639663930656137663039333938636466343334616132616635
33613762396261393266643462663939623661396132626663373730646238633838303733376534
35613061656161343839663035653132373933663231623037383036656133373230386131313338
39663764353837643262623037656631313062663533636463383035643161396665303539666565
66653733356537653230663964343335326561373430663133336232663062323064396439633664
63333633626465336264316332333461333236613362333134363138613061646137653537313239
62366465353664666430613836373931346364303732333364303835623437353033633732393837
30353732623635613230653662353162613237303638373061633363363835376161333863316233
37353463363165393464653438303833613332373866393933363836336364636632303737633062
33366231373564623266313865663239313834363732393631613831656532396630666639316264
32613165646639663336376536336538383461323530363865616262363662643732303239303732
62353333633833386662
