$ANSIBLE_VAULT;1.1;AES256
36333636373436393733333035613538343234393331353337303462366337653538346537323737
34383438353436393333333933323432333636393733363833323437356633303633346135303536
33373637373433363637356637303738363336393337326432653632373633353738353934373633
3734373634383636363235353636343837393734356636310a613638666463356262313162303036
61633532336532646337386138653465616339316462353233316633626633343936383132326437
3165623462373465330a393834333466333266623731386231353865363932363539363032656262
64663837656438623631343363366566616138363230353663383134363666313263666464663039
31646466313033643835653262633139386638646334343262386433363734633131323438666430
63303836316331366635643035623262653064306638326263323165393834303230323763663266
61386131663434393336633435363463616536326662393438623866343930666134646563376534
64363335646633333930373132353238323038306366326638356364646131626536303232393437
62613032363138633332643237383236306463313134396436356435326237326635303732623964
38613966303731373838376232353866626461303035323834393362613234326333656163313234
66616537313165666533306630326535393432633736303031363563626633666262343337623737
63353138643231626238633232313635373161386464333935346137663336346436333835653932
36336662376264343564323533343165336330626661306462363731306237393963323038303034
64306634643436363031326266386363623633316636623035363239653638616162343837303863
38333263316366653063613864376266373630303134396562303031323336316531646463346639
65626139313861366536643032353839326665613232396261346239633435363235316230653832
35306261613166336134383437353733363734333837623139323339646663353738353930636135
66646133623661646238346232623363363161613537383663666638353039613238393363333461
63636262333931313231613535666536363631616236623035663633653830323836396633633062
61336562323030323062376339336365343239313630643930386330366663663163636439383232
37333231616565353332343565313563356533316630346162396531303036316335373864373963
64396637653361653736613736656461306432636163613434373739656234343064316335366137
39636632313439333462333736613530353831623964666530616431643061373733646232626363
38376138653933326339373665383630376335363064663361386461653431623032333665306131
65383961646636373134393261663661653565343635646662316432636633323366336531633032
64383839636530373165373366663536313534643463303334343131373537613636383064303939
63303938616231383331636436393664613938666235613166653438623265316239396633363764
37623035393561303433616664616338626332646437636331626563323266623531323635303637
37613335646636396331326635366363323039383835336165396236613161636238316165623837
32303236353764633836656630323136386361303464336566666530613838666433313035633232
66346133343962353333356665376162353361306530333835656630636361376433373761303138
36376430353364373764313631323738323134633132653139386464323737336631626533396662
38343435316230323462613039393238383834623534626264646563643163323038343730646135
63663261373639333232376536653236303766363663373330643664653138353638366166383664
64343066306230663533363231346132666162616235333335656137303836316462343333656361
35323530323532303938643635313133316235383764343030356265383533323036306366356362
36666537666364643034326332386435363236383237623066316663343235386438313030353239
34303135343162363038383266353961656130313937663335613435393261346235373732303937
63666336303064366535353636353362326335316131376563386531643137396566616236626566
62333566393732623364396263636335393364633063376561643230633132616239313538643462
39323131663538386432356331646665653464366636306337313262383938613930313634636238
64343538633136656462373834343935383330666638666262343764363065396162623631346334
39623130353664333237316333336532303464303239373866356366306266646334623935613863
36316636303133386262633935353266336438646631313732303866363430366162303561343261
37323062376139616463383161333134353637613339336335636436346632633961356235383130
61353162373462363838366638346539373837363832643234373539383363353234356532393536
64383137333738353432386535323761653064303964333830366438323566383133396335356335
32626666366130393664376431323739316532633337343739323564363237393462616637633231
33636231663763343131636564336535396539363033326439393636343233393230343938336639
61313639393439656462633665656134346237306638626430373262613732356438643139653135
64653661316465646432613431373663333330373033356163643164663730393736643038363939
34613566656334353730376233303265653133316533353864386666653361343836383230303538
37393532316530376330336135393834323236383832343566393930376331343834363635363361
63626433333465636135626233316130653937353462373432313638313132633234323961663833
66383062343537303963323732666133366437633939386561326562313933626137383261336663
38636165373065356432643732663031636133313231326137383139663336653236633737303562
30316335636633323763656665353231356637326661343936323835346366353033396663613331
66633638653939613265383632313333643434346439343334373765616566303265353237383033
35396434663237336566343463613663353236623663366538626665393366323865666234613032
63373635623262626561333363336366643861626231363365643931613430623463373730386530
32316563376231666463353335326366323762376563643561656231663037646561616630386561
32353166373231326539306639623832393563646639326366306439613333373836623937383331
31346538383438643537656135336435623337373130656236633533316138633938326162666331
62623766316662316461613530326334333935336539353530633664333265663866316562633866
32303263663231663863356536636238353062613132313862616265326537303935353966366537
33393335616538343561643334326531653761316132633739663235353761656631653131623262
31613635393464316566643634336338323136366537626539306362323433643230376664346235
63613836353961353936616539363137396139643462316636386166663431333739343333613764
32623339343735313431633130666235373666343930643235386161373363333835613730633261
37393763623637623962306632633131656234623135323961326365363138636139316164353262
64666130333861616666306566346534323632336437653635316662303938323962626563386637
39646137356239353732386230396263653761333538396365333231393866336337643735373961
33383464346665333366386533313234633165363236303234626135393533616134323936313739
38373363363930333337636430363830323530353464656361323165626530643361326165343338
61623636616666393434393635666662383431303637633463656437643635663639393630323330
37663063386639396338663761616639663261363434626236663265373638383035646539623938
61376465303635643535343838333734633062393439313466373261303661643231623063393034
63643338333866373365323435346236396465356535356230616464343538613765366637623864
39613964353966623034396464313464656233353433613138373139376163353235656434333339
64346162383632343039663666653262323161666431393733666565623566333930363063653461
66643263633061663532616338303636663835373438356338663430396534616435383838343461
36343932373766333335323536393362343631393334326264653338363636363264336139336662
33626361393863333633396562396462623162383465353231646164393535623032326637666536
65333566653864353766386635386465613761396461613039343631373036303231613635613335
38613239363462373438623232333662616162363464623732393135303263663862363063663236
32393539633136333034316332316163323134653431393130333439656362326566666662336134
30653735356637363363616336383865343738396638373234326363363037313836326533326362
39616362303763306637336262323363623566323264333230353464663036386134393830393466
36326330353337303930663739343263373934353936313064623533303537396233646337313533
39393762333636303534333063623933643734663464613632333637373562303735336331646138
32653634306234343132333935326433643338303233623766393662323438656262613433623130
35666434373034366630336539353561656637333433396435303431656539623962386535353161
38316364623631346432353537666465323863366264633638383262356562316165643636373066
30353835303364323061363936336236313233636534633230643131316361383531373837646465
61653434663461346231666165643865316631343066366432613137636337643036316161326233
61346561336339383538316233613063623338666461353963393139616133396232343135336334
34623732626133373535356637306162373664393366393931623133303235316465346333623535
34616234363565316332633736393635363436383066316366636262383466363834643535316136
65303761613639623564636435626433363036353536613966366564376530393232333262363565
39343137633233303661346531326364626365653437343138363434666136663134323765333839
39633661643861346462656531316465376261303663353139396532343237303630663438323435
62343438616462306136393666363265323331323636383533633161386164613436373035613762
63623861386538663433326632333531623337626266636338363831323438353365343831663139
39363565316366623335313137633435306164343164343539643232303063303635313430383239
64353633653235316265363537306562313363366539653933303664626661303531326439393161
32323037333533633836333634666635353637366266303631323034323564356531623565363437
30323462633239303662356436653039386565643032636264386638353233363463303136616235
33346563396331643636613163633362616431316132326663363135643836626134336664613733
66373665363933616439626431663364633037316364656131353938363161613331623832313665
64336564333137346630633035363563313561386532653365326134623238653862663861353234
38623531393633306530646565626565643361623366386635343064653665633035396439373231
35646336656238633737643565656333336137393832613232353037373635616234316337333730
32666265653465646237653762663236323531666133626239323037326165663939346236323335
32336435323632383430363634633366613531393666623035333536616332323762393362323432
33653664313633616239363563626461376538616266316134353664316431393565336439616463
32336564623135656331613964653735303038383233373635376133303764393132313163383465
31356536326664626137376466643536326461326530346361323437393733653738313832323437
63396231626138643566353934643331393937306662393666336366323065353565393338323866
33306630363337666135623439666133326230363137333435646363346465353165666439313337
33353230646530353931373530643937343537383838333435386137396334656661306635393439
36356530613162626561353331303166646136363762333339356564626665383937613563356338
66616338396262343262616665393232343033613133356435623366623235653333393634333938
30653839383663653864333561346662636238386434633566613238363439336162303862323438
65613033656537646636303132656261376236646635616361663432656138363963346532653366
36636662653465313166333637333537383731356162333830636430326334306264393836633036
32663839346335643535643330306162326633303238323139653439376237313438626665386338
66666162366437636364626165393661613530626630653634616435346562636135336430643331
64373562383564383732636664326663313234636536326437646662643238343663373564326333
37393439323635643737333930643434616365363539383030366561636234666330373232366431
37356439613732363736323434663435646233366237336433353232316262623635653239353032
32306664313933333561383662663433643131646466616466373961326164353132623566323362
61663636323330396166633164383330623162346338633930623864613730613761366231333264
61303964393438326564613538366637366135396139656462363465306365336135393038643064
34613931353433663132343435343930356235343966616335386436313937306532376561613562
64343266323632333962343230633666656163633230623133666263353037653839623439616232
38363333373262633466346436313462356433663139356261333934343334663636373264646638
38333163376330323533306666343737333935306136366333336139363762323662356362633861
65383934306461613032303430623235613037306338343666656233366166656439323362396439
31643462643366623235623532396463306462643230393861653962313863613466633161393537
66316136303139393936393931306438626231313732353265363636396137616436653533633062
65613534613335643133353565323437333938653630316135663939333832316233313738613061
63343939373733393863643338363233393435363232353466383864353939333062353961373934
63626337303735393136613932316537613133613735646433633961626530363238323864336566
64326566623738643231353064636638373835656564303135636334636662356366343237346665
35343232363461373338383462653139613536346230666531326430303263623633623562333136
38643061386532346665333333656262646665656536323338653738656538626330366136333237
39643635383631336230356436666438366265306436366233343639383463343565633761376538
66303861663965396262313134366637366536316366323739376161626639643237623237313433
63306265643636613162646436336266616331646262326531336465336161636336316130653931
63613137313735346537666466323632393738363062333163386333666135323365653762343464
39626665316133313639646136643839343238623437333961613933353164373031343834633532
38633237626535323930626232313365363535343738636131363930623432636562366136363064
65636532313831336266376632643131353733396533633235386561376138393331306463393962
36393730373162636439303830303833333430663965366231643063626333353139663133376433
30393233663061343031326537313535333965653732353438366661303731396631343961623334
37633232623564613663653562323137396136643233356166653639313432383432383861643763
31313031653839636330323534363931346336306365373033663531623362396461313562303366
63363539343831326434393565356531353962616432356164383030663336383064313262646333
63373263613263366139366564653364393961376233643562353966313830356331626533643966
30313535316539623465623134363331323536663763393564363436303639666638316336376135
38633963613534353566316263393562316334383165343966396237633562626461353761363065
30333434353338356332383837613062656530323164383837353434626132376231663032313033
63333563656466313461323137396233363566663063653032393466633038336436363632303662
30323932306466353866653766326530613932646563343630653862653034363138346237383562
3831333964303135303766663934363239346665373265343834
