$ANSIBLE_VAULT;1.1;AES256
39303066353931636461613262633161323039393232396361653466363435333332303130616531
6532313465393139346239343861316565386161633137390a333934653430666534343338313165
34393330633436326632633066383531636362353463363834643939623261633663663737636130
3361303234336164300a343237316162373763626562663133346135323465343264313365356361
36366264373565643961393464656366643830306631333631343133666565306437303165343563
32393435633539306237303336636365363335373863636165356563623063323632373232613461
62666434663566383364666535363562613064313338616236386636366361316531336538353337
37376231653563643465373561303465643864646331313436303135313566326431303266306662
34633065383630356561383238643564333439393663306432633135643538333439393234383733
36313035663262393232326166646363323865353530336163383633616635336265353532396530
38306234623136323839646438336365363837653664646135623130656366633637633065316663
63633563336363303439623530313732343838663164383736643962643361613861343966666330
61613639303965613565613239316164613537653365323765623634613639636136313164306463
63373564353931323536336662356533383731386265383431343030376239383465393235373836
64303232336434373736386666386639306430373161336264333666303836313631623339633332
61346636353532653966613333636362376364336562656365633530303266623763353466363137
61653563613064666563393335336334306133373165393630343435636462373032336630653233
38666462636633393538353930373936636565663932333664353435346634376262656435383533
64633739373464616430333766363332383034616565376430646236366662396134316365633738
33303338353562303838626130346433393939316632666639363233363561383435303662633433
34306439386536356438613835653230303261363931376364616265666162346664316437326534
62653761393337343161393531303632663738363561393639623862623932393332383665643262
66663764613533633466323863663439363038636662633162326339346337393830383562633261
31303239643734623465303238333563303465363564303665333834386232323633393630623961
65386565656130373665373833303634333362363234386338623835303637656264346361346235
33663263613731636535373764393063313239633630633331343864313634623035313634376563
37356561383263653635326165616266626134393335633937353130633564373835336132633432
33303562653663386634323166326266386265636531333332653631643937376139393837356235
62323165383062346432323437633063363930613534353433363863616332666262336431663630
39303937323433633035386634326539396235313461383538656235356163346662383839373466
32336562313732356437373037653033666534366436633661623164363632613163623730373636
36636130643330383961636266306334323463653137386364316363666531623962343631306237
34373737346436343532316564656630373461373932366333383761373565623431653236663361
31386363663232393334326264303730356537653862373966323362373235346637376366393235
39313136623463646536633834373135613163653463303332336236383564366233323863613564
32326339653733353565393630353035373636363535313532366137643163643765386233333966
36366464323037346430363762336264386537343539333264643139383661303338323165323630
65626135386539306536303761343937636262616230346134366433626434326234626235383065
35363264373738303632656335333132663234363164656263386235343831393431643432663863
36386331336466346562396336373533316363343437666438316566393061303134636563653833
35613566313435383861666338303635613064333630336363306439656133613034303938306634
32363262646139626364646632633435613936373939303165363461636231663035663831643539
386262396430303166633766323139383362
