$ANSIBLE_VAULT;1.1;AES256
66626638373136623462316162613134653430313335616231643464626565653365303836313834
6136333733643134356461383133646363393138386365370a316331656665323432643237376562
37353963666238313333303964323735326432343633376435643665393761356530633635343862
6666613435613030350a663266663239366565333831393132646532326435353161383735383036
38653765396435333937646133343436353338353631623162663666393662353761353837616165
38373237633534383933363039613231656130343530373065363537363363373638643835343436
61313636323536656334383562633830303339663666306264373361386139646632393432653233
37636663636163636137316631633235316461376434616666656337633333643663613066313663
39623634323166653530316466613335313235356332646266353332346337393733306333376261
38396665623839366431653536633663386331346330626438313464366337303162316666353638
383433666666393233386430653965393734
