$ANSIBLE_VAULT;1.1;AES256
36333636373436393733333035613538343234393331353337303462366337653538346537323737
34383438353436393333333933323432333636393733363833323437356633303633346135303536
33373637373433363637356637303738363336393337326432653632373633353738353934373633
3734373634383636363235353636343837393734356636310a616632306430623064326536383237
62633132626531623733303237633961653539633966356330656334633461653333333133383631
3031633063616333610a653730663063376262393565656530326136353437353763356331646666
62356635636565383734356164346136616466613230336339333533303065353635633763633036
33636136316233306139653163613263666238656537343062346362353530333236333738366539
63366536313232646336383436373339643863366363303264363062616234303433323762613463
64343861633435363231653437313563613137333963626662386137306633663934666439616366
39313035623037333832363930623161316364353834336164646538613835303863346536303332
65363537303266623566646434333164353365313336633635326437316532646436346137376464
61386134303031356437353633336337653361643739306634343734396236326639636438663762
39616439306338356639313634636262653333643635306130343331393833373865333937653230
61373438663931396362623531393630346562623939306636333837383337646565326235346135
34613939346166303436303332313736303136396633323462653764313137653932373263633462
64623963623234363164313863636230613436616365646337653262633762346433323534626333
65353466336439383737
